0
1340,0
540,950,0
1520,2850,1930,0
1500,380,540,2940,0
820,2150,1280,710,2290,0
1980,3280,2410,1430,3400,1330,0
1710,3020,2180,650,3170,900,800,0
1650,310,1240,3180,740,2420,3500,3320,0
500,1760,1030,1730,1900,990,1460,1670,2070,0
1210,2490,1750,1680,2640,1220,820,1240,2780,730,0
1035,1870,1210,2420,1930,1660,1990,2120,2140,720,1270,0
930,1820,880,1260,1270,880,2170,1750,2080,1330,1880,1940,0
430,970,410,1920,1110,1220,2270,2100,1260,820,1580,910,1210,0
1480,2800,1930,590,2940,670,960,260,3090,1570,1160,2240,1520,1880,0
880,2020,1140,800,1580,350,1650,1210,2300,1130,1500,1800,550,1270,980,0
1520,2760,1890,90,2850,740,1480,730,3010,1730,1720,2410,1210,1910,650,750,0
1500,2820,1930,110,2960,700,1330,550,3110,1680,1580,2360,1300,1900,510,810,170,0
1160,2430,1660,1410,2580,910,840,960,2720,710,330,1410,1610,1480,880,1270,1440,1300,0
860,1670,770,1450,1070,1030,2330,1910,1960,1330,1890,1880,170,1080,1680,700,1370,1480,1610,0
1460,2770,1910,1010,2910,840,530,580,3060,1170,680,1780,1680,1860,510,1150,1080,920,400,1840,0
1450,2570,1970,650,2700,860,2050,1280,2850,1700,2010,2370,860,1810,1180,580,580,740,1700,950,1510,0
580,1600,710,1240,1080,720,1950,1610,1880,960,1540,1600,400,900,1380,460,1200,1240,1260,380,1480,980,0
740,1180,260,1940,430,1410,2610,2300,1470,1220,1970,1460,830,710,2080,1160,1860,1930,1880,690,2100,1630,700,0
2030,3300,2450,640,2840,1200,1240,480,3610,2110,1710,2780,1830,2380,610,1360,710,570,1410,2010,1050,1280,1790,2540,0
430,1160,600,1960,1320,1250,2080,2050,1450,630,1400,710,1330,210,1850,1320,1960,1930,1300,1290,1700,1880,1020,840,2380,0
1100,2100,1510,2360,2250,1610,1670,1960,2460,630,880,450,1940,1200,1860,1760,2360,2280,1000,1930,1410,2310,1570,1810,2440,1000,0
1480,2590,1710,590,2740,890,1990,1210,2880,1730,2200,2410,900,1840,1110,620,520,680,1720,1010,1470,100,1020,1730,1220,1920,2340,0
440,980,130,1870,1120,1170,2300,2060,1280,920,1680,1130,910,320,1830,1070,1780,1850,1550,760,1830,1610,650,380,2350,540,1420,1650,0
720,650,310,2170,800,1480,2620,2360,940,1150,1960,1180,1180,360,2140,1400,1830,2170,1820,1050,2130,1940,1000,550,2670,550,1520,1980,360,0